VanNC: (6.000000+1.000000+9.000000)/3 = 5.333333
OanhLT4: (7.000000+8.000000+9.000000)/3 = 8.000000
KhoTV: (2.000000+5.000000+10.000000)/3 = 5.666667
QTV: (2.000000+5.000000+10.000000)/3 = 5.666667
Annt: (10.000000+9.000000+10.000000)/3 = 9.666667
nam: (9.000000+5.000000+10.000000)/3 = 8.000000
toan: (9.000000+5.000000+4.000000)/3 = 6.000000
dung: (9.000000+5.000000+2.000000)/3 = 5.333333
abc: (3.000000+5.000000+0.000000)/3 = 2.666667
xyz: (7.000000+5.000000+8.000000)/3 = 6.666667
uet: (6.000000+5.000000+10.000000)/3 = 7.000000
